1374436740
153208734
1293350885
1620677053
845457764
905286172
2102318815
1388246654
281577518
4740426
2381145
803363
2038008432
2762008
6184199
4640050
2040215
1479589
1308015
5104132
5519256
2860140
2636747
1248938
3244033
1919471536
1219836915
117070733
6074690
178341006
3926688
268324756
1633154240
344782660
1432202519
500570171
1935660987
356450057
1814335924
6022203
330492046
2077384425
1578545981
1215964
1894748659
68397
5421852
3644162
117724
878233
1195998987
5797001
587032
147644
3120772
6274072
2034444171
745968065
863067674
1645805017
158119985
734233340
1446098349
324113
2100200204
1841407141
6345159
2011590664
2258136
2393486
1404947
4340409
5571349
3410716
3776445
5473767
2245866
1115857
907880
1469248
1281091156
2727979
945002
3618455
6311696
3547546
4013180
1612166
3256012
2626113
2360857
5437165
2764361
3453555
5332546
3114273
1129994851
1531653355
1560615051
265909986
5955070
100816564
1450057
21626
3186877
2076532
3593772
6343679
934946
2167041
5988579
706945
4912976
401211
2040478
4570344
555379383
712575387